0 0.16875 0.863542 0.028125 0.0395833
0 0.377344 0.84375 0.0265625 0.0208333
0 0.878906 0.935417 0.117188 0.129167
0 0.852344 0.889583 0.0609375 0.1375
0 0.853906 0.848958 0.0546875 0.0604167
0 0.922656 0.890625 0.0640625 0.152083
56 0.0710938 0.935417 0.0453125 0.0458333
63 0.875781 0.936458 0.110937 0.122917
0 0.142969 0.901042 0.0546875 0.0770833
0 0.694531 0.823958 0.0859375 0.0770833
56 0.202344 0.970833 0.0921875 0.0583333
0 0.544531 0.705208 0.542188 0.585417
0 0.0765625 0.780208 0.153125 0.435417
