0 0.4875 0.875 0.228125 0.245833
56 0.09375 0.923958 0.0625 0.04375
0 0.907031 0.836458 0.0671875 0.06875
0 0.175 0.861458 0.034375 0.04375
56 0.327344 0.959375 0.0265625 0.04375
0 0.939062 0.865625 0.090625 0.114583
56 0.06875 0.935417 0.05 0.0458333
0 0.551562 0.7875 0.103125 0.0791667
0 0.14375 0.901042 0.05625 0.0770833
0 0.924219 0.852083 0.0578125 0.0791667
0 0.380469 0.921875 0.104687 0.152083
56 0.203125 0.970833 0.090625 0.0583333
0 0.879687 0.823958 0.04375 0.05625
0 0.0773437 0.780208 0.154687 0.439583
0 0.678125 0.692708 0.615625 0.614583
