56 0.0601562 0.957292 0.0703125 0.0854167
0 0.922656 0.846875 0.0546875 0.06875
0 0.691406 0.8125 0.0578125 0.0416667
56 0.0890625 0.925 0.06875 0.0416667
0 0.388281 0.821875 0.0765625 0.10625
0 0.930469 0.901042 0.0703125 0.177083
0 0.878125 0.936458 0.11875 0.122917
0 0.18125 0.855208 0.03125 0.0520833
0 0.475 0.6875 0.671875 0.620833
56 0.06875 0.933333 0.05 0.0416667
0 0.145313 0.9 0.059375 0.0791667
0 0.879687 0.835417 0.05 0.0833333
63 0.877344 0.935417 0.117188 0.129167
56 0.203125 0.970833 0.09375 0.0583333
0 0.0796875 0.753125 0.153125 0.485417
