0 0.690625 0.805208 0.059375 0.0395833
63 0.782812 0.932292 0.059375 0.114583
56 0.0898438 0.926042 0.0671875 0.0395833
0 0.878906 0.935417 0.117188 0.125
0 0.920313 0.903125 0.078125 0.185417
56 0.065625 0.955208 0.05625 0.0854167
0 0.696875 0.821875 0.071875 0.06875
56 0.0679687 0.933333 0.0515625 0.0416667
0 0.3625 0.834375 0.096875 0.102083
0 0.479688 0.690625 0.646875 0.61875
0 0.88125 0.835417 0.05 0.0791667
0 0.145313 0.901042 0.05625 0.0770833
63 0.877344 0.935417 0.114063 0.129167
56 0.201562 0.970833 0.090625 0.0583333
0 0.0820312 0.75625 0.160938 0.475
