56 0.0898438 0.926042 0.0671875 0.0395833
0 0.878125 0.935417 0.115625 0.129167
0 0.935156 0.904167 0.0890625 0.183333
0 0.383594 0.861458 0.173438 0.25625
0 0.409375 0.807292 0.1 0.139583
56 0.0695312 0.934375 0.0484375 0.04375
0 0.142188 0.898958 0.053125 0.0729167
0 0.882812 0.833333 0.05 0.0791667
63 0.877344 0.935417 0.114063 0.129167
56 0.203125 0.969792 0.103125 0.0604167
0 0.278906 0.870833 0.0671875 0.241667
0 0.2125 0.840625 0.09375 0.24375
0 0.0695312 0.785417 0.139062 0.425
0 0.583594 0.694792 0.564062 0.610417
