0 0.590625 0.677083 0.159375 0.620833
0 0.89375 0.967708 0.1125 0.0645833
41 0.271094 0.941667 0.0296875 0.0416667
40 0.585938 0.675 0.153125 0.583333
0 0.359375 0.858333 0.053125 0.0791667
0 0.35625 0.90625 0.08125 0.179167
0 0.3125 0.917708 0.05625 0.13125
0 0.723437 0.739583 0.15625 0.495833
39 0.590625 0.672917 0.15 0.616667
0 0.709375 0.858333 0.09375 0.233333
0 0.771875 0.920833 0.06875 0.154167
0 0.29375 0.895833 0.059375 0.108333
0 0.192188 0.909375 0.1375 0.152083
0 0.921875 0.79375 0.15625 0.395833
